[CONFIG]
MESHNAME="Fleet_formation_mesh"
SIZE=500
EMPTY_MASS=10e30
FUEL_MASS=30e30
MAIN_THRUST=700e30
RETRO_THRUST=700e30
ATTITUDE_THRUST=60e30
ISP=11e8
TRIM=0.05
PMI=(15.5,22.1,7.7)
CW_Z_POS=0.09
CW_Z_NEG=0.09
CW_X=2.
CW_Y=1.4
CROSS_SECTION=(53.0,186.9,25.9)
COG=2.47
PITCH_MOMENT_SCALE=0.00005
BANK_MOMENT_SCALE=0.00005
ROT_DRAG=(1.5,1.5,1.5)
WING_ASPECT=0.7
WING_EFFECTIVENESS=2.5
LAND_PT1=(0,-11,9)
LAND_PT2=(-4,-11,-5)
LAND_PT3=(4,-11,-5)
VISIBLE=1
CAMERA=(0.000085,60.741451,286.837616)
MAIN_PSTREAM1=engine

[DOCK_0]
POS=(0,0,0)  
DIR=(0,0,-1)
ROT=(0,1,0)

[DOCK_1]
POS=(400,300,300)  
DIR=(0,0,-1)
ROT=(0,1,0)

[DOCK_2]
POS=(-300,-400,-400)  
DIR=(0,0,-1)
ROT=(0,1,0)

[DOCK_3]
POS=(500,-500,-400)  
DIR=(0,0,-1)
ROT=(0,1,0)

[DOCK_4]
POS=(-500,100,600)  
DIR=(0,0,-1)
ROT=(0,1,0)

[DOCK_5]
POS=(-1000,-100,400)  
DIR=(0,0,-1)
ROT=(0,1,0)

[DOCK_6]
POS=(-700,600,0)  
DIR=(0,0,-1)
ROT=(0,1,0)

[DOCK_7]
POS=(700,300,-600)  
DIR=(0,0,-1)
ROT=(0,1,0)

[DOCK_8]
POS=(1200,0,500)  
DIR=(0,0,-1)
ROT=(0,1,0)

[DOCK_9]
POS=(2000,1000,600)  
DIR=(0,0,-1)
ROT=(0,1,0)

[DOCK_10]
POS=(2300,1100,600)  
DIR=(0,0,-1)
ROT=(0,1,0)

[DOCK_11]
POS=(1900,800,700)  
DIR=(0,0,-1)
ROT=(0,1,0)

[DOCK_12]
POS=(1800,1100,300)  
DIR=(0,0,-1)
ROT=(0,1,0)

[DOCK_13]
POS=(2000,1200,800)  
DIR=(0,0,-1)
ROT=(0,1,0)

[DOCK_14]
POS=(-1400,0,0)  
DIR=(0,0,-1)
ROT=(0,1,0)

[DOCK_15]
POS=(-1600,200,0)  
DIR=(0,0,-1)
ROT=(0,1,0)

[DOCK_16]
POS=(-1800,400,0)  
DIR=(0,0,-1)
ROT=(0,1,0)

[DOCK_17]
POS=(0,0,-800)  
DIR=(0,0,-1)
ROT=(0,1,0)

